Line Graph
100 1.000000 1.036407e-16 0.000000
300 1.000000 -6.743870e-16 0.000000
500 1.000000 -7.386986e-16 0.000000
1000 1.000000 1.711599e-15 0.000000
3000 1.000000 1.405910e-15 0.000000
5000 1.000000 1.522272e-15 0.000000
7000 1.000000 -2.288883e-15 0.000000
10000 1.000000 1.778949e-15 0.000000

2-D Lattice
100 1.492775 3.053113e-16 0.000000
289 1.585250 -1.613524e-15 0.000000
484 1.627086 -1.221245e-16 0.000000
1024 1.683515 2.960595e-16 0.000000
3025 1.755039 1.047380e-16 0.000000
5041 1.784509 7.530208e-16 0.000000
7056 1.802438 -1.207706e-15 0.000000
10000 1.819820 2.696256e-16 0.000000

Extd. 5-Pt Star
100 1.000000 -3.947460e-16 0.000000
300 1.000000 -7.618427e-16 0.000000
500 1.000000 3.670533e-16 0.000000
1000 1.000000 4.373606e-16 0.000000
3000 1.000000 2.171062e-15 0.000000
5000 1.000000 8.543600e-16 0.000000
7000 1.000000 -1.330997e-16 0.000000
10000 1.000000 -7.611529e-16 0.000000

Small World: Beta = 0.001, K = 2
100 1.000000 -8.688702e-17 0.000000
300 1.133581 5.515301e-16 0.000000
500 1.000203 -2.881293e-16 0.000000
1000 1.060211 3.700743e-17 0.000000
3000 1.000041 6.916143e-17 0.000000
5000 1.286538 3.016455e-16 0.000000
7000 1.043538 1.004846e-15 0.000000
10000 1.006092 3.657205e-16 0.000000

Small World: Beta = 0.001, K = 3
100 1.000000 -1.761554e-15 0.000000
300 1.000000 -9.390636e-16 0.000000
500 1.000000 -4.576285e-16 0.000000
1000 1.197719 -1.212244e-15 0.000000
3000 1.290292 1.110223e-16 0.000000
5000 1.129898 8.516779e-16 0.000000
7000 1.001359 8.208922e-16 0.000000
10000 1.044118 5.603983e-16 0.000000

Small World: Beta = 0.050, K = 2
100 1.161385 5.853903e-16 0.000000
300 1.676906 3.172066e-17 0.000000
500 1.835604 8.780855e-16 0.000000
1000 1.251960 0.000000e+00 0.000000
3000 2.172208 -7.894919e-16 0.000000
5000 2.345340 -1.208910e-15 0.000000
7000 1.000000 0.000000e+00 0.000000
10000 2.590329 -1.480297e-16 0.000000

Small World: Beta = 0.050, K = 3
100 1.584963 0.000000e+00 0.000000
300 1.593782 -6.291264e-16 0.000000
500 2.010556 -2.590520e-16 0.000000
1000 1.840589 -1.665335e-16 0.000000
3000 2.540913 1.208910e-15 0.000000
5000 2.525266 -1.110223e-15 0.000000
7000 2.840794 4.662937e-16 0.000000
10000 2.848083 5.248327e-16 0.000000

Small World: Beta = 0.100, K = 2
100 1.399042 -8.881784e-17 0.000000
300 1.940033 -4.810966e-16 0.000000
500 1.774192 7.401487e-17 0.000000
1000 2.112926 -1.942890e-16 0.000000
3000 2.761843 -2.442491e-16 0.000000
5000 2.833101 -1.165734e-15 0.000000
7000 2.892689 -1.665335e-15 0.000000
10000 2.781409 -2.283887e-15 0.000000

Small World: Beta = 0.100, K = 3
100 1.735504 -2.960595e-16 0.000000
300 1.872326 -5.551115e-16 0.000000
500 2.241609 7.993606e-16 0.000000
1000 2.425400 9.325873e-16 0.000000
3000 2.573831 -1.141944e-15 0.000000
5000 2.975490 2.854859e-16 0.000000
7000 3.030793 -1.110223e-16 0.000000
10000 3.401109 6.106227e-16 0.000000

Regular Graph: Degree = 3
100 1.912922 -4.440892e-17 0.000000
300 2.206561 -5.551115e-16 0.000000
500 2.374084 -9.516197e-17 0.000000
1000 2.515037 1.804112e-16 0.000000
3000 2.817941 2.664535e-16 0.000000
5000 2.927761 4.440892e-16 0.000000
7000 3.049196 1.635056e-15 0.000000
10000 3.113039 7.266914e-16 0.000000

Regular Graph: Degree = 4
100 2.105632 -2.220446e-16 0.000000
300 2.476026 -1.665335e-16 0.000000
500 2.560715 -5.551115e-16 0.000000
1000 2.783806 8.881784e-17 0.000000
3000 3.138934 -3.145632e-16 0.000000
5000 3.394621 -9.992007e-16 0.000000
7000 3.442457 -1.300547e-15 0.000000
10000 3.455981 -2.854859e-16 0.000000

Regular Graph: Degree = 5
100 2.137504 0.000000e+00 0.000000
300 2.538277 -3.700743e-16 0.000000
500 2.691314 -5.921189e-16 0.000000
1000 2.964338 -8.326673e-16 0.000000
3000 3.409541 1.065814e-15 0.000000
5000 3.468555 4.884981e-16 0.000000
7000 3.490313 2.220446e-16 0.000000
10000 3.822906 -7.031412e-16 0.000000
